
kMeans
======

Number of iterations: 27
Within cluster sum of squared errors: 26631.04940634284

Initial starting points (random):

Cluster 0: 0,31,7,1,6,1,2,1,2,9,2,37,1,0,0,0,-0.1,93.2,-42,4.191
Cluster 1: 0,42,3,2,6,1,1,1,2,5,2,401,2,0,0,0,1.4,93.918,-42.7,4.96
Cluster 2: 0,54,4,2,1,0,2,1,1,2,6,1171,1,0,0,0,1.1,93.994,-36.4,4.857
Cluster 3: 0,40,4,1,3,1,2,1,1,4,2,104,4,0,0,0,1.4,94.465,-41.8,4.96
Cluster 4: 0,33,2,1,2,0,1,2,1,2,2,189,2,0,0,0,1.1,93.994,-36.4,4.857
Cluster 5: 1,26,8,2,6,1,2,1,2,1,3,168,1,0,0,0,-1.8,93.075,-47.1,1.423
Cluster 6: 0,39,6,2,4,0,2,1,2,2,6,264,1,0,0,0,-1.8,92.893,-46.2,1.313
Cluster 7: 0,36,3,3,2,1,2,1,1,2,2,84,3,0,0,0,1.1,93.994,-36.4,4.857
Cluster 8: 0,33,4,1,5,0,1,2,2,2,4,190,3,0,0,0,-1.8,92.893,-46.2,1.281
Cluster 9: 0,31,3,1,2,1,2,1,1,4,4,132,6,0,0,0,1.4,94.465,-41.8,4.962

Missing values globally replaced with mean/mode

Final cluster centroids:
                         Cluster#
Attribute     Full Data         0         1         2         3         4         5         6         7         8         9
              (41188.0)  (3261.0) (10724.0)  (2273.0)  (3371.0)  (2914.0)  (3327.0)  (4779.0)  (1576.0)  (5279.0)  (3684.0)
===========================================================================================================================
Class            0.1127    0.0423    0.0594    0.0418    0.0454    0.0295         1         0    0.0362         0    0.0399
Attribute1      40.0241   40.7534   40.0293   42.9001   38.7333   40.6239   41.4806   38.7351   41.6865   39.4472   38.7674
Attribute2       4.6589    5.1239    4.4979    4.4527    5.2774    3.7931    5.0727     4.734    4.3458    4.7034    4.5613
Attribute3       1.5029      1.51    1.5031    1.2631    1.2548    1.1809    1.5756    1.5315     2.783    1.5558    1.3993
Attribute4        3.749    4.1211     3.914    3.0352    5.2358    1.6781    3.8446    3.7031    3.3877    3.7867    3.7307
Attribute5       0.7913     0.881    0.7526         0    0.7962    0.6905    0.9588    0.8648    0.8268    0.8797         1
Attribute6       1.4998    1.5566    1.5226    1.4105     1.439    1.4417    1.5296    1.5426    1.4067    1.5454    1.4321
Attribute7       1.1277    1.1331    1.1392    1.1012    1.1293    1.1318    1.1193    1.1385    1.0761    1.1269    1.1173
Attribute8       1.6347    1.9966         2         1         1         1    1.9252    1.9165         1    1.8926         1
Attribute9       4.2362    8.9979    5.4689    2.9164    3.1982    3.0086    4.4427    2.6989    3.2107    2.9238    3.2953
Attribute10      3.9796    4.0908    3.8794    5.0875    2.9155    2.8174    4.0105    5.3022     3.533    2.7645    5.5706
Attribute11     258.285  242.2554  254.8834  252.5922  255.0169  251.4973  431.1151  226.8274  251.2874  214.8905  244.1496
Attribute12      2.5676    1.8826    2.9737    3.0524    2.8425    2.6809     1.841    2.1425    2.6453     2.219    3.0255
Attribute13      0.0368    0.0092         0         0    0.0006         0    0.2907    0.0557         0    0.0472    0.0003
Attribute14       0.173    0.2067         0    0.0004    0.0042    0.0027    0.6868    0.5099    0.0032    0.3199     0.003
Attribute15      0.2398    0.4023         0    0.0009    0.0071    0.0055    0.6318    0.8077    0.0063    0.4793    0.0057
Attribute16      0.0819   -0.1071       1.4    1.2168     1.132    1.1787   -2.1577   -1.9714     1.156   -2.0343    1.1426
Attribute17     93.5757   93.2104   93.6958   94.1395   94.0961   94.1156   93.1714   92.9695   94.1178   92.9577   94.1032
Attribute18    -40.5026  -42.0616  -39.6056  -38.6114  -38.7304  -38.6099  -39.7468  -43.7964   -38.951  -43.4113   -38.925
Attribute19      3.6213    4.0879    4.9631    4.8899    4.8158    4.8544    1.0534    1.2199    4.8229    1.2149    4.8194


